   -0.6405
    0.6857
    1.4875
    1.6513
    1.0682
    1.0292
    0.4371
    0.4319
    1.2372
   -0.0790
   -0.2468
    0.8349
   -0.1495
    0.9608
    0.6544
    0.0661
    0.0880
    1.2610
    0.8412
    1.5024
    0.8952
    0.1698
   -0.1446
    0.5399
   -0.1508
    0.2935
    0.8873
    1.2988
    1.3451
   -0.0505
    0.8944
   -0.1777
    0.9397
    0.8632
    0.4054
   -0.0858
    0.0921
    0.7620
   -0.2037
    0.8081
    0.9874
    0.7412
   -0.3937
    1.4880
   -0.1763
    1.1713
   -0.3706
    1.6250
    0.0029
    1.3684
    0.2439
    0.9974
    0.0995
    0.8033
    0.0357
    1.2706
   -0.1693
    0.8198
   -0.0648
    1.2405
   -0.3115
    0.6676
   -0.0920
    0.9162
    0.2182
    1.3407
   -0.3373
    0.3977
   -0.4967
    0.6211
   -0.4077
    0.9723
   -0.1305
    1.5076
    0.2334
    0.9918
   -0.3917
    1.0496
    0.1095
    1.1406
   -0.1163
    0.6833
    0.4958
    0.8262
    0.0137
    1.2193
    0.0083
    0.7573
    0.5172
    0.1188
    0.1488
    1.4762
   -0.0423
    0.9642
   -0.1953
    1.7690
    0.5130
    0.9894
   -0.0804
    0.7411
    0.4862
    0.4920
   -0.2739
    0.8614
   -0.3446
    0.6140
    0.2237
    0.9779
   -0.1538
    0.9188
   -0.0338
    0.6999
   -0.0668
    0.7279
    0.2557
    1.1547
   -0.1098
    1.1047
   -0.2693
    0.8069
   -0.1964
    1.0655
    0.0169
    0.3587
   -0.3100
    0.8457
   -0.0681
    0.8376
    0.2069
    1.4098
    0.3185
    1.1224
    0.3423
    1.3740
    0.1755
    1.6311
   -0.0800
    1.1101
   -0.1439
    0.7990
   -0.3099
    0.7592
   -0.4059
   -0.0953
    0.7764
    1.4924
    1.1669
    0.3883
    0.3696
    0.8311
    0.5010
    0.1680
    1.3874
    1.0922
    1.1277
   -0.2524
    0.9527
    0.9689
   -0.0731
    1.2319
    0.7556
    0.8981
   -0.1415
    0.1312
    1.3982
    0.5617
    0.6614
   -0.3177
    0.7688
    0.6141
    1.1187
    0.8252
    1.4431
   -0.4913
   -0.1467
    0.7035
    1.3538
    1.6188
    1.2346
    1.4734
    0.4944
    0.2203
   -0.1608
    0.2871
    1.1044
   -0.3542
   -0.1766
    0.4730
    0.6355
    0.1024
   -0.2408
    0.1771
   -0.3112
   -0.3974
    1.0701
    0.7198
    0.4140
    0.1648
   -0.1079
    0.8904
    0.3681
    0.9967
    0.6906
    0.0973
   -0.3239
    1.1058
    0.2305
    0.5817
    0.1666
    1.4516
    0.0721
   -0.0950
   -0.3208
    1.0222
    0.6803
   -0.1050
    0.8683
    0.9850
    0.1472
    0.8668
    0.0220
   -0.5419
    1.3170
    0.6865
    0.9112
    1.0537
    0.2830
    0.7467
    1.0085
   -0.1859
    0.6562
    0.9885
   -0.0539
   -0.0129
    0.6741
   -0.1627
    0.1053
    0.2196
    0.9145
    0.6293
    0.6786
    0.5761
    1.5170
   -0.2933
   -0.0598
    0.6865
    0.6289
    0.7554
    0.9485
    0.8584
    1.2742
    0.8677
    1.4013
    0.7399
    0.5068
    1.0933
    1.4175
    0.9264
    0.3907
    0.9230
   -0.2001
   -0.3916
    1.3386
   -0.4098
   -0.1032
   -0.2464
   -0.2445
    0.9103
    0.0453
    0.0746
   -0.2670
    1.1078
    0.1629
   -0.0443
    0.9281
   -0.3824
    0.0981
    1.5206
    1.2369
    0.9636
    1.1823
    1.0585
    1.1812
    0.0390
    1.0030
    0.5027
    1.0390
    0.2019
    0.2460
    1.4196
   -0.0492
    1.1987
    0.0207
   -0.1527
    0.9677
    1.1911
    0.7637
    0.5007
    1.5957
   -0.2305